UNKNOWN
version=1
nRows=353
nColumns=9
inDegrees=no
endheader
time	time	pelvis_tilt	hip_flexion_r	knee_angle_r	ankle_angle_r	hip_flexion_l	knee_angle_l	ankle_angle_l
      0.00000000	      4.37000000	      0.97561168	     -6.75805705	    -52.01204494	    -35.01867103	     12.65613926	    -19.50146690	     -1.28738060
      1.00000000	      4.38000000	      0.86693196	     -5.55396680	    -53.42194994	    -33.19991153	     11.94808758	    -19.38497955	     -0.91693739
      2.00000000	      4.39000000	      0.72603339	     -3.87785710	    -55.16427189	    -30.63802658	     11.02940344	    -19.19923845	     -0.43940211
      3.00000000	      4.40000000	      0.52658973	     -1.98432110	    -56.85943776	    -27.80997794	      9.89666339	    -18.84554542	      0.06825702
      4.00000000	      4.41000000	      0.31147895	      0.00095398	    -58.28894507	    -25.18126117	      8.66497488	    -18.32223602	      0.52533470
      5.00000000	      4.42000000	      0.06422761	      1.99062783	    -59.32980861	    -22.99754451	      7.40804073	    -17.67402186	      0.98491021
      6.00000000	      4.43000000	     -0.17467131	      3.92230387	    -59.97026812	    -21.33039783	      6.12450992	    -16.88754720	      1.36739625
      7.00000000	      4.44000000	     -0.40807096	      5.75416221	    -60.22200440	    -20.08460720	      4.80940582	    -16.00533408	      1.70502271
      8.00000000	      4.45000000	     -0.63063350	      7.49971862	    -60.11340770	    -19.14048232	      3.52725429	    -15.10445953	      2.03212553
      9.00000000	      4.46000000	     -0.82461919	      9.12335101	    -59.68466914	    -18.04081742	      2.26432864	    -14.21363697	      2.30441062
     10.00000000	      4.47000000	     -1.00303395	     10.61732652	    -58.92851755	    -16.84110734	      1.05231256	    -13.39446342	      2.59513350
     11.00000000	      4.48000000	     -1.16400802	     11.97750897	    -57.85704380	    -15.43364209	     -0.09762342	    -12.67025501	      2.92089658
     12.00000000	      4.49000000	     -1.29337787	     13.16850601	    -56.48042809	    -13.85243169	     -1.24694392	    -11.98102680	      3.17045357
     13.00000000	      4.50000000	     -1.38237256	     14.24615872	    -54.81415840	    -12.20823906	     -2.33775270	    -11.37306445	      3.44412618
     14.00000000	      4.51000000	     -1.42217594	     15.22756747	    -52.87456236	    -10.67580515	     -3.37668184	    -10.83057370	      3.72356757
     15.00000000	      4.52000000	     -1.41474034	     16.11265562	    -50.66965758	     -9.38819201	     -4.36823053	    -10.35705711	      4.01687752
     16.00000000	      4.53000000	     -1.35881962	     16.88259374	    -48.20829169	     -8.40608923	     -5.33617890	     -9.94315033	      4.32245844
     17.00000000	      4.54000000	     -1.25186682	     17.51741055	    -45.50593864	     -7.69657353	     -6.31661501	     -9.56940379	      4.64696968
     18.00000000	      4.55000000	     -1.09410691	     18.01822933	    -42.57618312	     -7.18032622	     -7.32770101	     -9.21459079	      4.99079081
     19.00000000	      4.56000000	     -0.88518065	     18.40667609	    -39.43862933	     -6.76384082	     -8.36574322	     -8.86798535	      5.34904869
     20.00000000	      4.57000000	     -0.62675015	     18.69851257	    -36.10887455	     -6.36423357	     -9.42915876	     -8.51414734	      5.72169436
     21.00000000	      4.58000000	     -0.32832321	     18.89734276	    -32.60090006	     -5.93306052	    -10.51703902	     -8.14947617	      6.10066667
     22.00000000	      4.59000000	     -0.00348102	     19.00751740	    -28.94127449	     -5.44749293	    -11.63890149	     -7.75802002	      6.47290805
     23.00000000	      4.60000000	      0.34302980	     19.03300717	    -25.18197588	     -4.91742488	    -12.80780508	     -7.34096992	      6.83916581
     24.00000000	      4.61000000	      0.69637278	     18.99935788	    -21.39012426	     -4.35905005	    -14.01427240	     -6.90763506	      7.18157910
     25.00000000	      4.62000000	      1.03354173	     18.92892020	    -17.64762955	     -3.76435757	    -15.25543302	     -6.46314817	      7.52131961
     26.00000000	      4.63000000	      1.33727455	     18.84663693	    -14.04350643	     -3.14304862	    -16.49797345	     -6.05870466	      7.83345169
     27.00000000	      4.64000000	      1.58548599	     18.76205982	    -10.63985479	     -2.51526653	    -17.72346577	     -5.71012104	      8.14181956
     28.00000000	      4.65000000	      1.77488702	     18.68156043	     -7.50727569	     -1.90701174	    -18.91560713	     -5.45259611	      8.47300009
     29.00000000	      4.66000000	      1.90819652	     18.62121619	     -4.72521145	     -1.34010619	    -20.04955181	     -5.32408385	      8.81001400
     30.00000000	      4.67000000	      2.01103363	     18.60668041	     -2.42501080	     -0.75810633	    -21.10899319	     -5.36156280	      9.15980767
     31.00000000	      4.68000000	      2.10017434	     18.65867580	     -0.72473769	     -0.10335293	    -22.06842004	     -5.60423166	      9.47841918
     32.00000000	      4.69000000	      2.19306693	     18.81012469	      0.28293400	      0.59110446	    -22.89403836	     -6.07283503	      9.75615299
     33.00000000	      4.70000000	      2.26518628	     19.00940720	      0.59229327	      1.20609174	    -23.61289045	     -6.77037806	      9.94312960
     34.00000000	      4.71000000	      2.29680660	     19.24518541	      0.20086862	      1.60493007	    -24.22699958	     -7.69564983	     10.04661978
     35.00000000	      4.72000000	      2.27961351	     19.53043646	     -0.83846856	      1.59911426	    -24.70134206	     -8.86133675	      9.98511664
     36.00000000	      4.73000000	      2.14280856	     19.72739703	     -2.30843108	      1.00024970	    -25.10503495	    -10.29250260	      9.89495666
     37.00000000	      4.74000000	      1.89649847	     19.90400139	     -4.08980379	     -0.15858152	    -25.41363003	    -11.87565840	      9.43744214
     38.00000000	      4.75000000	      1.52530394	     19.99447838	     -5.96603496	     -1.75146622	    -25.57880667	    -13.76570094	      8.71973591
     39.00000000	      4.76000000	      1.02650263	     19.99523836	     -7.79755873	     -3.58402082	    -25.56934691	    -15.96325530	      7.57247350
     40.00000000	      4.77000000	      0.39678633	     19.89779906	     -9.53548962	     -5.41095538	    -25.34155041	    -18.51419719	      5.87417610
     41.00000000	      4.78000000	     -0.34448777	     19.73690833	    -11.21828318	     -6.90813062	    -24.83548562	    -21.43900501	      3.49221206
     42.00000000	      4.79000000	     -1.16320245	     19.51763680	    -12.87054452	     -7.84259528	    -24.03347732	    -24.71062998	      0.32104829
     43.00000000	      4.80000000	     -2.00135276	     19.26096070	    -14.47560217	     -8.12966391	    -22.90681982	    -28.26770416	     -3.66256064
     44.00000000	      4.81000000	     -2.80429319	     18.92416006	    -15.94081018	     -7.91856880	    -21.49904699	    -31.96808297	     -8.41460291
     45.00000000	      4.82000000	     -3.50192958	     18.42559308	    -17.14288396	     -7.41550705	    -19.89439203	    -35.63594864	    -13.86858439
     46.00000000	      4.83000000	     -4.07355226	     17.75946905	    -18.04095430	     -6.81806447	    -18.11440590	    -39.19955119	    -19.55923508
     47.00000000	      4.84000000	     -4.47922472	     16.88361099	    -18.58018837	     -6.23521559	    -16.25138966	    -42.54371069	    -25.03612629
     48.00000000	      4.85000000	     -4.73646173	     15.81488069	    -18.79823403	     -5.70403050	    -14.35035958	    -45.67701246	    -29.55842680
     49.00000000	      4.86000000	     -4.82299390	     14.61248011	    -18.72090156	     -5.25272385	    -12.39286767	    -48.61688666	    -32.52554157
     50.00000000	      4.87000000	     -4.78735931	     13.33952701	    -18.46724323	     -4.84457592	    -10.39541510	    -51.40166126	    -33.49243371
     51.00000000	      4.88000000	     -4.64987797	     12.06451719	    -18.07852173	     -4.46039687	     -8.31840607	    -54.02201325	    -32.46107303
     52.00000000	      4.89000000	     -4.46289402	     10.81658524	    -17.60012648	     -4.07615946	     -6.16075936	    -56.43333648	    -29.86104400
     53.00000000	      4.90000000	     -4.24640358	      9.52581811	    -17.02771473	     -3.77246259	     -4.00957924	    -58.53458633	    -26.38424673
     54.00000000	      4.91000000	     -4.00734040	      8.29504754	    -16.42922184	     -3.44537451	     -1.78066006	    -60.30383678	    -22.76989419
     55.00000000	      4.92000000	     -3.77762642	      7.05564015	    -15.75973405	     -3.17535214	      0.44293558	    -61.69524025	    -19.52640793
     56.00000000	      4.93000000	     -3.54177882	      5.84274406	    -15.05377329	     -2.92291822	      2.66652147	    -62.70730926	    -16.91648465
     57.00000000	      4.94000000	     -3.29481887	      4.69974911	    -14.34852069	     -2.65348894	      4.90187084	    -63.36306127	    -14.94873844
     58.00000000	      4.95000000	     -3.04546289	      3.53459611	    -13.60937673	     -2.40720954	      7.04036251	    -63.66873843	    -13.38507038
     59.00000000	      4.96000000	     -2.79965099	      2.39805306	    -12.88967767	     -2.11632786	      9.10263214	    -63.66327804	    -12.01554084
     60.00000000	      4.97000000	     -2.56787443	      1.26385564	    -12.19802411	     -1.76729997	     11.04344725	    -63.36037370	    -10.62761254
     61.00000000	      4.98000000	     -2.37106194	      0.11496653	    -11.53425545	     -1.36628442	     12.83621906	    -62.76926658	     -9.16574968
     62.00000000	      4.99000000	     -2.21401355	     -1.06757886	    -10.90285784	     -0.91430563	     14.44908180	    -61.87835791	     -7.68368603
     63.00000000	      5.00000000	     -2.11414353	     -2.26028135	    -10.31210030	     -0.41086732	     15.90105136	    -60.69033432	     -6.28946516
     64.00000000	      5.01000000	     -2.09267838	     -3.48418672	     -9.71928459	      0.03501414	     17.17659615	    -59.19977869	     -5.06323683
     65.00000000	      5.02000000	     -2.14513232	     -4.69558519	     -9.15441214	      0.49137293	     18.30317501	    -57.39891738	     -4.07262939
     66.00000000	      5.03000000	     -2.27734300	     -5.92041821	     -8.58853608	      0.93109213	     19.25637259	    -55.27944035	     -3.33449478
     67.00000000	      5.04000000	     -2.47930720	     -7.14496099	     -8.05217653	      1.35361302	     20.04432391	    -52.82622557	     -2.89576421
     68.00000000	      5.05000000	     -2.73250309	     -8.44165527	     -7.44885608	      1.74004593	     20.62289064	    -50.06197855	     -2.38225417
     69.00000000	      5.06000000	     -3.04240106	     -9.71641066	     -6.91077757	      2.17145952	     21.03295077	    -46.96449442	     -2.08676191
     70.00000000	      5.07000000	     -3.36637498	    -11.10094084	     -6.26408451	      2.54482412	     21.21428070	    -43.55159355	     -1.54673268
     71.00000000	      5.08000000	     -3.70289300	    -12.46444548	     -5.68930666	      2.99301799	     21.20937021	    -39.81376113	     -1.00384547
     72.00000000	      5.09000000	     -4.04408543	    -13.85831540	     -5.09284073	      3.42152711	     21.02093286	    -35.79022057	     -0.39522791
     73.00000000	      5.10000000	     -4.38718253	    -15.24387729	     -4.52611222	      3.85824485	     20.68901862	    -31.53932987	      0.23472964
     74.00000000	      5.11000000	     -4.74268063	    -16.61419627	     -4.05718131	      4.35455146	     20.24315059	    -27.17279929	      0.87605780
     75.00000000	      5.12000000	     -5.09920750	    -17.96712241	     -3.63362026	      4.78516131	     19.73133479	    -22.79127062	      1.40545776
     76.00000000	      5.13000000	     -5.44145564	    -19.27954050	     -3.30021320	      5.26296756	     19.20495231	    -18.53476436	      1.86327956
     77.00000000	      5.14000000	     -5.75200478	    -20.51421198	     -3.10570156	      5.73410679	     18.69756795	    -14.51434432	      2.22362698
     78.00000000	      5.15000000	     -6.02440676	    -21.64171241	     -3.07751769	      6.19608489	     18.22443928	    -10.81495183	      2.46500471
     79.00000000	      5.16000000	     -6.23704923	    -22.62910617	     -3.27114267	      6.58325667	     17.77045755	     -7.48751627	      2.53844469
     80.00000000	      5.17000000	     -6.42848417	    -23.49642582	     -3.66546637	      6.98370908	     17.34464434	     -4.65804324	      2.52831966
     81.00000000	      5.18000000	     -6.59260927	    -24.20036807	     -4.30000171	      7.36418422	     16.98531823	     -2.44224453	      2.48425771
     82.00000000	      5.19000000	     -6.73565345	    -24.73486213	     -5.20956089	      7.75360130	     16.71239831	     -0.95983901	      2.47151347
     83.00000000	      5.20000000	     -6.83182877	    -25.11655838	     -6.36500395	      7.98596572	     16.49969338	     -0.21801223	      2.45901037
     84.00000000	      5.21000000	     -6.88557259	    -25.29223512	     -7.83474403	      8.17462065	     16.39037600	     -0.23268291	      2.39928386
     85.00000000	      5.22000000	     -6.87415576	    -25.31497576	     -9.53479562	      8.21958025	     16.32780537	     -0.85834322	      2.16357979
     86.00000000	      5.23000000	     -6.77747733	    -25.19073858	    -11.45353677	      8.08080307	     16.27798200	     -1.91450576	      1.57713702
     87.00000000	      5.24000000	     -6.58201669	    -24.93378791	    -13.59410909	      7.66761613	     16.19686503	     -3.18309420	      0.52354978
     88.00000000	      5.25000000	     -6.23678814	    -24.52907216	    -15.91809284	      6.99296719	     16.09114674	     -4.45740190	     -1.08214816
     89.00000000	      5.26000000	     -5.74843356	    -23.97906737	    -18.42310488	      5.88069416	     15.92913970	     -5.62621727	     -3.11786614
     90.00000000	      5.27000000	     -5.12917882	    -23.24377398	    -21.13065805	      4.18481188	     15.74574638	     -6.73826791	     -5.24594064
     91.00000000	      5.28000000	     -4.37231333	    -22.33530077	    -24.03177204	      1.86434104	     15.52167356	     -7.88249354	     -7.01513085
     92.00000000	      5.29000000	     -3.52676762	    -21.23997992	    -27.11101967	     -1.23140935	     15.30908768	     -9.19061876	     -8.04843952
     93.00000000	      5.30000000	     -2.62504203	    -19.94866583	    -30.32300116	     -5.08481989	     15.18604064	    -10.80777879	     -8.18204737
     94.00000000	      5.31000000	     -1.74480510	    -18.47672814	    -33.63555152	     -9.63926485	     15.08581158	    -12.56605473	     -7.64227813
     95.00000000	      5.32000000	     -0.94499320	    -16.87394041	    -36.94619978	    -14.72090593	     14.94227694	    -14.31136295	     -6.68334252
     96.00000000	      5.33000000	     -0.27376373	    -15.19459131	    -40.19118052	    -19.98684005	     14.66317578	    -15.87632336	     -5.51758096
     97.00000000	      5.34000000	      0.24084773	    -13.47793801	    -43.30890914	    -24.90252559	     14.18805086	    -17.13950904	     -4.27149353
     98.00000000	      5.35000000	      0.59644339	    -11.73065195	    -46.29282880	    -28.84475830	     13.50438882	    -18.05347456	     -3.02728841
     99.00000000	      5.36000000	      0.80544111	     -9.94268382	    -49.12720792	    -31.30652768	     12.64497799	    -18.62498561	     -1.85264696
    100.00000000	      5.37000000	      0.88585951	     -8.08413095	    -51.79827512	    -32.05320899	     11.68089113	    -18.89491947	     -0.79740003
    101.00000000	      5.38000000	      0.87780434	     -6.17809079	    -54.23101508	    -31.25302625	     10.65560780	    -18.92068073	      0.07769522
    102.00000000	      5.39000000	      0.79746572	     -4.23853563	    -56.33954163	    -29.36602293	      9.59512341	    -18.71186164	      0.73489259
    103.00000000	      5.40000000	      0.66729402	     -2.29524183	    -58.05028800	    -27.11021028	      8.48775979	    -18.28621944	      1.23011830
    104.00000000	      5.41000000	      0.52289255	     -0.30484175	    -59.40342853	    -24.71620990	      7.41708349	    -17.73649537	      1.49292621
    105.00000000	      5.42000000	      0.35250264	      1.66567803	    -60.34606493	    -22.74172439	      6.31302801	    -17.05450889	      1.67049464
    106.00000000	      5.43000000	      0.17606542	      3.55906547	    -60.90595176	    -21.17940264	      5.14139765	    -16.28092795	      1.80075142
    107.00000000	      5.44000000	     -0.03089490	      5.40222439	    -61.10450405	    -19.91714142	      3.99291544	    -15.51363515	      1.94273620
    108.00000000	      5.45000000	     -0.24590517	      7.14070274	    -60.96036954	    -18.80292319	      2.82292897	    -14.74739236	      2.13633447
    109.00000000	      5.46000000	     -0.46878278	      8.77729560	    -60.50853662	    -17.66937106	      1.66487530	    -14.03025901	      2.40684727
    110.00000000	      5.47000000	     -0.68804922	     10.30581044	    -59.76489965	    -16.37643839	      0.53281308	    -13.37454024	      2.75100210
    111.00000000	      5.48000000	     -0.90426368	     11.69517637	    -58.72040823	    -14.93369437	     -0.58414335	    -12.78305945	      3.17646380
    112.00000000	      5.49000000	     -1.11135239	     12.92260400	    -57.36895035	    -13.42907024	     -1.70655324	    -12.22960137	      3.65374812
    113.00000000	      5.50000000	     -1.29223835	     13.98090842	    -55.70715666	    -11.97220176	     -2.85249366	    -11.67545900	      4.13037147
    114.00000000	      5.51000000	     -1.42898557	     14.90198418	    -53.75397190	    -10.68519207	     -4.01031512	    -11.10131355	      4.58689674
    115.00000000	      5.52000000	     -1.50692762	     15.72155567	    -51.52804798	     -9.66682618	     -5.14856281	    -10.52562439	      5.02247805
    116.00000000	      5.53000000	     -1.51860809	     16.44004065	    -49.04298941	     -8.96565218	     -6.26714480	     -9.95741066	      5.43317210
    117.00000000	      5.54000000	     -1.46698975	     17.04029660	    -46.30315275	     -8.64542236	     -7.37908720	     -9.40444198	      5.82250106
    118.00000000	      5.55000000	     -1.34881921	     17.54982238	    -43.34908092	     -8.31270363	     -8.45471917	     -8.88958726	      6.22570907
    119.00000000	      5.56000000	     -1.18630650	     17.94597745	    -40.16604951	     -8.12376974	     -9.52268288	     -8.38736680	      6.63718019
    120.00000000	      5.57000000	     -0.96908432	     18.20402676	    -36.77407866	     -7.95515966	    -10.64090789	     -7.85064459	      7.05873684
    121.00000000	      5.58000000	     -0.71628096	     18.37012565	    -33.19293790	     -7.59010349	    -11.75210528	     -7.30868039	      7.47040361
    122.00000000	      5.59000000	     -0.42131818	     18.43116460	    -29.45253184	     -7.19597736	    -12.91238943	     -6.69767410	      7.87051488
    123.00000000	      5.60000000	     -0.12028972	     18.39353820	    -25.58363602	     -6.71018131	    -14.09653167	     -6.10436510	      8.29049965
    124.00000000	      5.61000000	      0.19732812	     18.31311826	    -21.67707033	     -6.20654699	    -15.29211411	     -5.48002325	      8.68676738
    125.00000000	      5.62000000	      0.50800170	     18.21893897	    -17.82704428	     -5.69517742	    -16.48509174	     -4.87082786	      9.07512089
    126.00000000	      5.63000000	      0.80436806	     18.13549907	    -14.13898946	     -5.18569166	    -17.66103825	     -4.31537292	      9.45774401
    127.00000000	      5.64000000	      1.05959951	     18.08001461	    -10.69647207	     -4.67133333	    -18.80422053	     -3.83583221	      9.85579881
    128.00000000	      5.65000000	      1.27752929	     18.04578307	     -7.56839782	     -4.15594733	    -19.90657419	     -3.46372790	     10.29082448
    129.00000000	      5.66000000	      1.47220647	     18.03448523	     -4.80243212	     -3.72861398	    -20.92995637	     -3.27212658	     10.70048809
    130.00000000	      5.67000000	      1.64301551	     18.05398025	     -2.52908346	     -3.25833659	    -21.89190524	     -3.24162561	     11.13842256
    131.00000000	      5.68000000	      1.81427256	     18.12475688	     -0.85798744	     -2.69651347	    -22.76569110	     -3.41707671	     11.57050970
    132.00000000	      5.69000000	      1.99860919	     18.26944374	      0.12690888	     -2.04108675	    -23.53161176	     -3.80386129	     11.95449004
    133.00000000	      5.70000000	      2.16730466	     18.45481277	      0.40699444	     -1.29471450	    -24.19970351	     -4.42629592	     12.30200966
    134.00000000	      5.71000000	      2.28036567	     18.64997063	      0.00578516	     -0.58095768	    -24.79211265	     -5.26232375	     12.61578849
    135.00000000	      5.72000000	      2.32109432	     18.85088094	     -0.98297724	     -0.07983476	    -25.27914035	     -6.33631605	     12.85096935
    136.00000000	      5.73000000	      2.27232076	     19.04499125	     -2.41365488	      0.01277701	    -25.63348881	     -7.67254357	     12.92269490
    137.00000000	      5.74000000	      2.11112671	     19.16182184	     -4.03792284	     -0.55313414	    -25.92912516	     -9.19419839	     12.87926647
    138.00000000	      5.75000000	      1.84299355	     19.20721755	     -5.68182037	     -1.70424295	    -26.08299648	    -10.98443595	     12.53482453
    139.00000000	      5.76000000	      1.47050478	     19.12271315	     -7.17118170	     -3.35943135	    -26.10128080	    -13.06603286	     11.88317083
    140.00000000	      5.77000000	      1.00560301	     18.90879008	     -8.46229208	     -5.29036173	    -25.93404880	    -15.48367991	     10.82539098
    141.00000000	      5.78000000	      0.45417929	     18.59546571	     -9.61630315	     -7.14054666	    -25.52311739	    -18.27379549	      9.25232705
    142.00000000	      5.79000000	     -0.18480147	     18.23488263	    -10.75597847	     -8.56616837	    -24.83419662	    -21.41726516	      7.03174780
    143.00000000	      5.80000000	     -0.85664803	     17.90043789	    -11.96930734	     -9.26934688	    -23.80314584	    -24.90395885	      4.02214539
    144.00000000	      5.81000000	     -1.56115969	     17.60061271	    -13.26914534	     -9.29853635	    -22.45870545	    -28.61666177	      0.21913629
    145.00000000	      5.82000000	     -2.25050670	     17.29546644	    -14.55415111	     -8.86778327	    -20.84458675	    -32.44257790	     -4.37732583
    146.00000000	      5.83000000	     -2.86992976	     16.89941026	    -15.69001945	     -8.15645620	    -19.04583726	    -36.22889208	     -9.71742448
    147.00000000	      5.84000000	     -3.40746901	     16.37141610	    -16.61546771	     -7.34327628	    -17.11235419	    -39.90345792	    -15.49499336
    148.00000000	      5.85000000	     -3.82473905	     15.64067393	    -17.22692446	     -6.49954719	    -15.13454876	    -43.33939323	    -21.44660782
    149.00000000	      5.86000000	     -4.12565501	     14.72579469	    -17.52867656	     -5.69630640	    -13.12562702	    -46.52564858	    -26.98993571
    150.00000000	      5.87000000	     -4.30778610	     13.67144578	    -17.52699718	     -4.98768270	    -11.06208419	    -49.49242798	    -31.46405346
    151.00000000	      5.88000000	     -4.41272098	     12.53344941	    -17.33536147	     -4.33964362	     -8.95307449	    -52.29854252	    -34.26016918
    152.00000000	      5.89000000	     -4.41370640	     11.34274198	    -16.92490357	     -3.76785407	     -6.76699241	    -54.92896567	    -35.16428127
    153.00000000	      5.90000000	     -4.32975895	     10.17089434	    -16.40059913	     -3.30148331	     -4.49647138	    -57.36745601	    -34.18974513
    154.00000000	      5.91000000	     -4.19023641	      8.97525154	    -15.77020489	     -2.81906677	     -2.20878371	    -59.52424128	    -31.95495776
    155.00000000	      5.92000000	     -3.98452405	      7.83802200	    -15.10317430	     -2.39322798	      0.12851792	    -61.36626222	    -28.89041976
    156.00000000	      5.93000000	     -3.75001660	      6.66184313	    -14.37762558	     -1.97893606	      2.40681892	    -62.83157335	    -25.62689310
    157.00000000	      5.94000000	     -3.49671936	      5.47165088	    -13.62065671	     -1.58684559	      4.61808850	    -63.89537991	    -22.68348398
    158.00000000	      5.95000000	     -3.24167215	      4.25598701	    -12.82974352	     -1.22769255	      6.73067144	    -64.55617885	    -20.31417477
    159.00000000	      5.96000000	     -2.99514935	      3.02188908	    -12.01468707	     -0.90041444	      8.73376647	    -64.83139359	    -18.58931597
    160.00000000	      5.97000000	     -2.76254373	      1.80175857	    -11.20625527	     -0.58964998	     10.63142112	    -64.74031762	    -17.48093260
    161.00000000	      5.98000000	     -2.55113309	      0.59852825	    -10.42163713	     -0.29585073	     12.41799696	    -64.33244026	    -16.54391717
    162.00000000	      5.99000000	     -2.36521675	     -0.53457471	     -9.71831270	      0.00226827	     14.08185271	    -63.59102583	    -15.77304728
    163.00000000	      6.00000000	     -2.19493689	     -1.66582019	     -9.07420133	      0.39587737	     15.57942938	    -62.52125825	    -14.91414577
    164.00000000	      6.01000000	     -2.06859475	     -2.72086610	     -8.52368056	      0.76814203	     16.93209554	    -61.12454435	    -13.84804495
    165.00000000	      6.02000000	     -1.98658760	     -3.75693814	     -8.03027694	      1.16701493	     18.11142221	    -59.40139763	    -12.63275596
    166.00000000	      6.03000000	     -1.95102533	     -4.76515346	     -7.60807471	      1.59766612	     19.12093879	    -57.34421331	    -11.33569762
    167.00000000	      6.04000000	     -1.96577033	     -5.75274675	     -7.23370419	      2.03583783	     19.96531401	    -54.95731053	    -10.06206615
    168.00000000	      6.05000000	     -2.04087716	     -6.75535424	     -6.88244879	      2.48645056	     20.63806099	    -52.24656075	     -8.89344517
    169.00000000	      6.06000000	     -2.19002217	     -7.79313596	     -6.52764934	      2.92965050	     21.14510660	    -49.22122631	     -7.84898039
    170.00000000	      6.07000000	     -2.41997729	     -8.88069058	     -6.14223196	      3.35220205	     21.49007137	    -45.89604510	     -6.90545581
    171.00000000	      6.08000000	     -2.72450188	    -10.05896237	     -5.69003583	      3.78287116	     21.65001122	    -42.28369930	     -6.04660243
    172.00000000	      6.09000000	     -3.04594714	    -11.25648330	     -5.23072809	      4.17132696	     21.64465893	    -38.37144204	     -5.20956598
    173.00000000	      6.10000000	     -3.39925080	    -12.52059324	     -4.72408722	      4.56895404	     21.44894478	    -34.19771741	     -4.40186971
    174.00000000	      6.11000000	     -3.75332544	    -13.83839459	     -4.18946576	      4.96272391	     21.07249756	    -29.81096401	     -3.60561457
    175.00000000	      6.12000000	     -4.10229387	    -15.21287469	     -3.63712674	      5.36279038	     20.53691563	    -25.29782509	     -2.86332804
    176.00000000	      6.13000000	     -4.43904027	    -16.65857912	     -3.10050247	      5.70579297	     19.85959255	    -20.75897833	     -2.20561086
    177.00000000	      6.14000000	     -4.75716045	    -18.19042376	     -2.56422944	      6.04430185	     19.09537575	    -16.33928538	     -1.62909184
    178.00000000	      6.15000000	     -5.04745980	    -19.74276652	     -2.12245817	      6.38631949	     18.28417619	    -12.15227724	     -1.10470201
    179.00000000	      6.16000000	     -5.31618722	    -21.19777055	     -1.91249988	      6.78522931	     17.45868108	     -8.27440809	     -0.64874294
    180.00000000	      6.17000000	     -5.59939354	    -22.42193131	     -2.09916464	      7.25274967	     16.63590100	     -4.78962650	     -0.28177816
    181.00000000	      6.18000000	     -5.99558514	    -23.30607016	     -2.85388937	      7.80968245	     15.82941841	     -1.87300234	      0.00496916
    182.00000000	      6.19000000	     -6.59011318	    -23.73286325	     -4.33154403	      8.45291994	     15.07260923	      0.28048943	      0.18391953
    183.00000000	      6.20000000	     -7.34939231	    -23.69333559	     -6.53780180	      9.15139844	     14.39640938	      1.51833106	      0.34717899
    184.00000000	      6.21000000	     -6.95617696	    -24.60639949	     -7.00642312	      9.32596449	     14.49162351	      2.19995164	      0.73314283
    185.00000000	      6.22000000	     -6.34298689	    -25.30170069	     -7.68382982	      9.44637778	     14.84150253	      2.04404653	      1.04401801
    186.00000000	      6.23000000	     -6.51708122	    -24.72629819	    -10.38222502	      9.92980047	     14.95838559	      0.88783420	      0.93158484
    187.00000000	      6.24000000	     -6.48964845	    -24.23221897	    -12.93089137	      9.95477401	     15.12314455	     -0.65632078	      0.57709381
    188.00000000	      6.25000000	     -6.25771353	    -23.84493928	    -15.36917953	      9.61579276	     15.23663312	     -2.30212967	     -0.24181997
    189.00000000	      6.26000000	     -5.88455321	    -23.55891757	    -17.72753454	      8.79884071	     15.19681482	     -3.81792179	     -1.63559264
    190.00000000	      6.27000000	     -5.40483779	    -23.27343044	    -20.14948434	      7.45990012	     14.95956938	     -5.09769445	     -3.52309828
    191.00000000	      6.28000000	     -4.81822078	    -22.81786570	    -22.77324075	      5.58771130	     14.61265474	     -6.20171318	     -5.63906592
    192.00000000	      6.29000000	     -4.12549228	    -22.10585645	    -25.63100663	      3.11391249	     14.25239817	     -7.29679216	     -7.54421541
    193.00000000	      6.30000000	     -3.34488922	    -21.08994563	    -28.73747685	     -0.02350112	     13.98007872	     -8.57729926	     -8.73784928
    194.00000000	      6.31000000	     -2.51023272	    -19.79888558	    -32.01176242	     -3.83467055	     13.83497122	    -10.14755800	     -9.00248726
    195.00000000	      6.32000000	     -1.67834541	    -18.26618552	    -35.37989211	     -8.24649852	     13.81718252	    -11.97169181	     -8.48602622
    196.00000000	      6.33000000	     -0.92475192	    -16.59656411	    -38.72575122	    -13.16474899	     13.80149257	    -13.88080897	     -7.43997084
    197.00000000	      6.34000000	     -0.30057418	    -14.87250748	    -41.96260340	    -18.33477747	     13.66383089	    -15.68494024	     -6.09418914
    198.00000000	      6.35000000	      0.17169179	    -13.14867879	    -45.03258605	    -23.35355699	     13.30848978	    -17.23286085	     -4.60714956
    199.00000000	      6.36000000	      0.49671952	    -11.43371221	    -47.91943827	    -27.69961989	     12.71144392	    -18.44254770	     -3.10489625
    200.00000000	      6.37000000	      0.69454582	     -9.72004172	    -50.59161044	    -30.85891621	     11.89844170	    -19.26977501	     -1.69727773
    201.00000000	      6.38000000	      0.78766727	     -7.97967755	    -53.02286294	    -32.48761072	     10.94455507	    -19.72746552	     -0.45657810
    202.00000000	      6.39000000	      0.80976420	     -6.21282558	    -55.17148695	    -32.46042128	      9.90628257	    -19.83460265	      0.55888934
    203.00000000	      6.40000000	      0.78759977	     -4.42225496	    -56.98899494	    -31.04838549	      8.82445723	    -19.63039509	      1.34285084
    204.00000000	      6.41000000	      0.74288164	     -2.59820754	    -58.46021180	    -28.76885837	      7.72297972	    -19.14528038	      1.85984583
    205.00000000	      6.42000000	      0.68073698	     -0.71132304	    -59.60362792	    -26.10967717	      6.64981701	    -18.50159104	      2.31067285
    206.00000000	      6.43000000	      0.60806917	      1.15902776	    -60.40644764	    -23.59050659	      5.51497148	    -17.67640897	      2.60557902
    207.00000000	      6.44000000	      0.51989000	      2.98671409	    -60.87579866	    -21.46668039	      4.32795818	    -16.75224077	      2.84257827
    208.00000000	      6.45000000	      0.39295427	      4.76451521	    -61.01592612	    -19.77295560	      3.13940776	    -15.80878524	      3.02962766
    209.00000000	      6.46000000	      0.23803047	      6.45393929	    -60.83678134	    -18.41225576	      1.94688194	    -14.88512440	      3.22733134
    210.00000000	      6.47000000	      0.04905681	      8.02638660	    -60.33725643	    -17.20282615	      0.77606156	    -14.02084614	      3.44317240
    211.00000000	      6.48000000	     -0.16584338	      9.44985415	    -59.51296821	    -15.97619386	     -0.37078069	    -13.22368452	      3.68359036
    212.00000000	      6.49000000	     -0.40504521	     10.72891571	    -58.37793176	    -14.65705437	     -1.48107036	    -12.50033653	      3.96317253
    213.00000000	      6.50000000	     -0.63540336	     11.87141193	    -56.94270343	    -13.26270849	     -2.56433032	    -11.82644704	      4.24669823
    214.00000000	      6.51000000	     -0.83622775	     12.91246676	    -55.23521648	    -11.86491983	     -3.61132713	    -11.19601175	      4.53553425
    215.00000000	      6.52000000	     -0.98898478	     13.86386494	    -53.26523902	    -10.55136278	     -4.62868525	    -10.59692100	      4.81448366
    216.00000000	      6.53000000	     -1.08254990	     14.71324837	    -51.03434729	     -9.41873837	     -5.63580561	    -10.01385305	      5.07899271
    217.00000000	      6.54000000	     -1.11812460	     15.41485778	    -48.54056300	     -8.60185677	     -6.68448139	     -9.41608889	      5.35193487
    218.00000000	      6.55000000	     -1.10734973	     16.01764088	    -45.81152656	     -7.93560990	     -7.71624849	     -8.83689599	      5.58937050
    219.00000000	      6.56000000	     -1.05451891	     16.49521625	    -42.83310453	     -7.43289841	     -8.74520967	     -8.29000830	      5.80489902
    220.00000000	      6.57000000	     -0.95496765	     16.83542809	    -39.64426914	     -7.10924654	     -9.82705808	     -7.71758340	      6.06254584
    221.00000000	      6.58000000	     -0.81026906	     17.06276989	    -36.25488241	     -6.80723944	    -10.93134340	     -7.14081299	      6.35394951
    222.00000000	      6.59000000	     -0.62804373	     17.19007687	    -32.68436419	     -6.49431269	    -12.04987310	     -6.55797473	      6.68565459
    223.00000000	      6.60000000	     -0.43199787	     17.23929023	    -28.95498345	     -6.08425569	    -13.14938791	     -6.00797818	      7.04821895
    224.00000000	      6.61000000	     -0.20425076	     17.21932279	    -25.13952805	     -5.60540658	    -14.25413006	     -5.47388608	      7.45951230
    225.00000000	      6.62000000	      0.04502190	     17.18004961	    -21.29878573	     -5.08893936	    -15.32772291	     -4.97859363	      7.89264653
    226.00000000	      6.63000000	      0.31373681	     17.12826729	    -17.51579711	     -4.51308310	    -16.39509146	     -4.52466890	      8.37147668
    227.00000000	      6.64000000	      0.58980596	     17.09888847	    -13.86539481	     -3.89016949	    -17.43996638	     -4.11476036	      8.87245134
    228.00000000	      6.65000000	      0.86738901	     17.08254459	    -10.39579204	     -3.25966933	    -18.47376024	     -3.74593013	      9.39923614
    229.00000000	      6.66000000	      1.12738360	     17.07382236	     -7.13237908	     -2.72119269	    -19.48021970	     -3.44345650	      9.91114155
    230.00000000	      6.67000000	      1.36705359	     17.06799999	     -4.17850829	     -2.24752184	    -20.47851442	     -3.20355589	     10.42445731
    231.00000000	      6.68000000	      1.58445217	     17.08547901	     -1.65066270	     -1.84786868	    -21.44065200	     -3.07768777	     10.89280370
    232.00000000	      6.69000000	      1.78220976	     17.14571439	      0.28797098	     -1.37853810	    -22.35842091	     -3.10651743	     11.34189213
    233.00000000	      6.70000000	      1.96778456	     17.29491336	      1.49329193	     -0.75209844	    -23.18815558	     -3.34297762	     11.76269459
    234.00000000	      6.71000000	      2.11950156	     17.52407583	      1.95315453	     -0.10310968	    -23.91717291	     -3.80149136	     12.14403047
    235.00000000	      6.72000000	      2.18675058	     17.78696854	      1.66435537	      0.44425658	    -24.56207336	     -4.51131071	     12.51438125
    236.00000000	      6.73000000	      2.16099911	     18.12889669	      0.67147464	      0.71211365	    -25.03425254	     -5.55797071	     12.83681127
    237.00000000	      6.74000000	      2.02984776	     18.40076104	     -0.78251364	      0.34264916	    -25.48305327	     -6.77505082	     13.09683832
    238.00000000	      6.75000000	      1.77117318	     18.62943421	     -2.52298845	     -0.60451146	    -25.80203645	     -8.28546911	     13.19231888
    239.00000000	      6.76000000	      1.40705282	     18.75268666	     -4.31519989	     -2.07916182	    -26.02315702	    -10.05183145	     13.04926587
    240.00000000	      6.77000000	      0.93967172	     18.72127422	     -5.98213848	     -3.89964248	    -26.13727857	    -12.09820483	     12.62595411
    241.00000000	      6.78000000	      0.42318809	     18.59126495	     -7.54235348	     -5.75532749	    -26.06814664	    -14.48589609	     11.78999057
    242.00000000	      6.79000000	     -0.16286283	     18.36153046	     -9.01740276	     -7.36438776	    -25.78322623	    -17.23609805	     10.48085045
    243.00000000	      6.80000000	     -0.80280066	     18.08069239	    -10.50696954	     -8.38738488	    -25.22944812	    -20.35249779	      8.56031391
    244.00000000	      6.81000000	     -1.45477396	     17.80418489	    -12.07366535	     -8.64097896	    -24.36165115	    -23.79751299	      5.86887382
    245.00000000	      6.82000000	     -2.12944142	     17.54435317	    -13.69426442	     -8.25972791	    -23.16868029	    -27.50040270	      2.45924332
    246.00000000	      6.83000000	     -2.78681921	     17.24507559	    -15.20166477	     -7.52952462	    -21.66819791	    -31.36266603	     -1.70798134
    247.00000000	      6.84000000	     -3.36392541	     16.84448943	    -16.46630916	     -6.60304569	    -19.93345043	    -35.22442913	     -6.63424894
    248.00000000	      6.85000000	     -3.84267008	     16.28372746	    -17.40749209	     -5.65479710	    -18.04699836	    -38.97282087	    -12.07049475
    249.00000000	      6.86000000	     -4.20708453	     15.52763269	    -18.00747124	     -4.76553542	    -16.10608876	    -42.50290307	    -17.66507911
    250.00000000	      6.87000000	     -4.44314853	     14.59376425	    -18.27610655	     -4.00477801	    -14.15169940	    -45.76397239	    -22.92259328
    251.00000000	      6.88000000	     -4.57867611	     13.53353422	    -18.30717456	     -3.34328892	    -12.20653892	    -48.78231292	    -27.16866143
    252.00000000	      6.89000000	     -4.62323739	     12.37520474	    -18.15502878	     -2.74948950	    -10.27317893	    -51.59424683	    -29.92349230
    253.00000000	      6.90000000	     -4.58072967	     11.19490436	    -17.88918592	     -2.24712300	     -8.28911588	    -54.24283863	    -30.96525024
    254.00000000	      6.91000000	     -4.45829432	     10.06268113	    -17.54991557	     -1.82877342	     -6.19085670	    -56.73888361	    -30.30451886
    255.00000000	      6.92000000	     -4.30173088	      8.90362531	    -17.13665461	     -1.38915159	     -4.06074972	    -58.99312125	    -28.55186785
    256.00000000	      6.93000000	     -4.09972539	      7.79238546	    -16.70167350	     -0.98969250	     -1.86067902	    -60.97013032	    -26.07152586
    257.00000000	      6.94000000	     -3.87751403	      6.68159294	    -16.22799097	     -0.59589111	      0.35761806	    -62.61774093	    -23.50254220
    258.00000000	      6.95000000	     -3.63658253	      5.58618132	    -15.72322555	     -0.21435726	      2.58350868	    -63.89998193	    -21.30737932
    259.00000000	      6.96000000	     -3.39906395	      4.43802984	    -15.14588180	      0.14524814	      4.74345221	    -64.80560552	    -19.63158384
    260.00000000	      6.97000000	     -3.16626391	      3.24243309	    -14.50144755	      0.50914738	      6.80364227	    -65.31586775	    -18.58406718
    261.00000000	      6.98000000	     -2.92854238	      2.06701669	    -13.83248051	      0.82081265	      8.77454090	    -65.44465401	    -17.89164720
    262.00000000	      6.99000000	     -2.69758114	      0.87560746	    -13.14311940	      1.09945247	     10.59511346	    -65.19613185	    -17.38331815
    263.00000000	      7.00000000	     -2.48177094	     -0.35060474	    -12.38462556	      1.37448727	     12.24315065	    -64.56998908	    -16.75212086
    264.00000000	      7.01000000	     -2.29775197	     -1.56369737	    -11.63961047	      1.62966592	     13.72508850	    -63.58954175	    -15.99014478
    265.00000000	      7.02000000	     -2.13941828	     -2.77892296	    -10.88472793	      1.90973021	     15.08010251	    -62.30434502	    -14.85973933
    266.00000000	      7.03000000	     -2.03239090	     -3.97957061	    -10.14634543	      2.16461633	     16.26289220	    -60.66644959	    -13.55997719
    267.00000000	      7.04000000	     -1.97631553	     -5.15610010	     -9.44495468	      2.42347747	     17.29121360	    -58.69485562	    -12.14773395
    268.00000000	      7.05000000	     -1.97345995	     -6.29810344	     -8.79044214	      2.69169190	     18.17330386	    -56.39185239	    -10.74526212
    269.00000000	      7.06000000	     -2.04716145	     -7.44425109	     -8.14373526	      2.99190088	     18.90011346	    -53.77871690	     -9.47615261
    270.00000000	      7.07000000	     -2.15204214	     -8.51720009	     -7.55641984	      3.25619171	     19.52186887	    -50.84532049	     -8.34998201
    271.00000000	      7.08000000	     -2.32964685	     -9.59599879	     -6.95605819	      3.55283023	     19.99655852	    -47.61715370	     -7.40988132
    272.00000000	      7.09000000	     -2.54661264	    -10.65702626	     -6.36828946	      3.87054570	     20.32009872	    -44.08078264	     -6.57266989
    273.00000000	      7.10000000	     -2.79364077	    -11.70525848	     -5.80573825	      4.22204989	     20.46699481	    -40.23312420	     -5.75305620
    274.00000000	      7.11000000	     -3.06019586	    -12.75918318	     -5.27128124	      4.60480163	     20.41836092	    -36.08716153	     -4.89661551
    275.00000000	      7.12000000	     -3.34492114	    -13.84102465	     -4.76378450	      5.00564701	     20.18234918	    -31.69587101	     -4.03523863
    276.00000000	      7.13000000	     -3.65410462	    -14.98217928	     -4.29059082	      5.42778450	     19.76939623	    -27.14520225	     -3.26085918
    277.00000000	      7.14000000	     -3.98120964	    -16.18385025	     -3.85377505	      5.87174994	     19.22998321	    -22.56662705	     -2.60867986
    278.00000000	      7.15000000	     -4.33263951	    -17.43291144	     -3.47860709	      6.33293849	     18.59133009	    -18.08109197	     -2.10632867
    279.00000000	      7.16000000	     -4.72768706	    -18.66968742	     -3.24668206	      6.79341375	     17.87346393	    -13.81510707	     -1.69228864
    280.00000000	      7.17000000	     -5.22327483	    -19.80836631	     -3.27961815	      7.24194575	     17.06096929	     -9.84408941	     -1.37762664
    281.00000000	      7.18000000	     -5.92361417	    -20.78886737	     -3.77293526	      7.72592949	     16.09213685	     -6.30182124	     -0.98925569
    282.00000000	      7.19000000	     -6.80398480	    -21.54539589	     -4.70782838	      8.23542736	     15.05056690	     -3.25329824	     -0.80479611
    283.00000000	      7.20000000	     -6.50686366	    -22.76643688	     -4.35950606	      8.65054763	     14.90203283	     -0.59699963	     -0.43791423
    284.00000000	      7.21000000	     -6.01215021	    -23.95673301	     -4.03387341	      8.93279010	     14.89581474	      1.40471993	     -0.14124081
    285.00000000	      7.22000000	     -6.43116189	    -24.37642760	     -5.31697923	      9.52594744	     14.57263767	      2.24243735	      0.02581727
    286.00000000	      7.23000000	     -6.70887782	    -24.58695306	     -6.78727264	      9.98531811	     14.50226073	      2.19200700	      0.26812648
    287.00000000	      7.24000000	     -6.98085864	    -24.52778249	     -8.64192215	     10.40241481	     14.53447259	      1.33751556	      0.55362364
    288.00000000	      7.25000000	     -7.30790084	    -24.11157504	    -10.98203956	     10.82260640	     14.58502672	     -0.14533273	      0.68584420
    289.00000000	      7.26000000	     -7.67524948	    -23.53629027	    -13.48185625	     11.12037207	     14.53101587	     -1.92553326	      0.52505484
    290.00000000	      7.27000000	     -6.79729723	    -24.65832264	    -13.23887220	     10.62093550	     14.98988299	     -3.35470994	      0.23858030
    291.00000000	      7.28000000	     -5.63663405	    -26.08427943	    -12.46297470	      9.81773819	     15.41460826	     -4.54827066	     -0.64111782
    292.00000000	      7.29000000	     -5.51436216	    -25.20713280	    -15.61804459	      9.21070941	     15.11439248	     -5.63482570	     -2.35022166
    293.00000000	      7.30000000	     -5.28199701	    -23.31445660	    -20.49407346	      7.74829963	     14.64371906	     -6.38125534	     -4.46718441
    294.00000000	      7.31000000	     -4.82461510	    -22.03922066	    -24.04001163	      5.45403777	     14.25741288	     -7.06419919	     -6.56020889
    295.00000000	      7.32000000	     -4.13059648	    -22.60191670	    -24.33136938	      3.65402619	     14.03014846	     -7.88654837	     -8.06874053
    296.00000000	      7.33000000	     -3.61657509	    -20.49544579	    -28.97083663	     -0.24858573	     13.64166403	     -8.88264481	     -8.82410496
    297.00000000	      7.34000000	     -3.00588422	    -19.00151554	    -32.32369251	     -4.22957028	     13.43914727	    -10.17131220	     -8.73252830
    298.00000000	      7.35000000	     -2.36388087	    -17.24364356	    -35.80786822	     -8.79884790	     13.30566785	    -11.58519754	     -8.10433311
    299.00000000	      7.36000000	     -1.73773397	    -15.36621500	    -39.26964543	    -13.79279454	     13.10699922	    -12.94513287	     -7.14390050
    300.00000000	      7.37000000	     -1.17699394	    -13.47820341	    -42.58945141	    -18.80334506	     12.75674042	    -14.10091073	     -6.06020049
    301.00000000	      7.38000000	     -0.72361188	    -11.70185366	    -45.65689743	    -23.23550434	     12.19587990	    -14.98787318	     -4.92896698
    302.00000000	      7.39000000	     -0.39753723	    -10.06483852	    -48.44119865	    -26.35571562	     11.45641480	    -15.60185339	     -3.82082518
    303.00000000	      7.40000000	     -0.19996226	     -8.56906400	    -50.92786589	    -27.62762487	     10.59203231	    -15.97916184	     -2.77896931
    304.00000000	      7.41000000	     -0.12150869	     -7.13407507	    -53.15174316	    -26.91368617	      9.67687913	    -16.15155014	     -1.84722336
    305.00000000	      7.42000000	     -0.20283759	     -4.91460942	    -55.87576166	    -26.63465076	      8.66305702	    -16.09949648	     -1.13901351
    306.00000000	      7.43000000	     -0.35174732	     -2.56613807	    -58.36180052	    -25.67644636	      7.60532932	    -15.82151377	     -0.57245050
    307.00000000	      7.44000000	     -0.47952315	     -0.86128354	    -59.93103980	    -22.66610072	      6.52608975	    -15.38314179	     -0.12988041
    308.00000000	      7.45000000	     -0.64927025	      0.91115772	    -61.21888232	    -20.00361754	      5.40153498	    -14.79926772	      0.20243405
    309.00000000	      7.46000000	     -0.84095017	      2.70487489	    -62.19556796	    -17.92056406	      4.25254659	    -14.11408377	      0.46258336
    310.00000000	      7.47000000	     -1.04807471	      4.46398792	    -62.83596185	    -16.43117336	      3.09099802	    -13.36452271	      0.66838018
    311.00000000	      7.48000000	     -1.27548789	      6.13883270	    -63.11788087	    -15.44256637	      1.91302909	    -12.58090242	      0.91220715
    312.00000000	      7.49000000	     -1.49541255	      7.69093484	    -63.06316709	    -14.75268055	      0.72074200	    -11.77623450	      1.04471271
    313.00000000	      7.50000000	     -1.72768843	      9.11561684	    -62.66758759	    -14.11869784	     -0.46933853	    -11.00298272	      1.26860214
    314.00000000	      7.51000000	     -1.94769886	     10.39892212	    -61.95266864	    -13.47876231	     -1.67800471	    -10.23805793	      1.47759469
    315.00000000	      7.52000000	     -2.13378622	     11.56627811	    -60.92844018	    -12.75448353	     -2.89082991	     -9.48069910	      1.71183397
    316.00000000	      7.53000000	     -2.28806533	     12.66828505	    -59.61672966	    -11.89816524	     -4.03827078	     -8.77871807	      1.95636560
    317.00000000	      7.54000000	     -2.37217570	     13.66457493	    -58.05806428	    -10.80112292	     -5.21614167	     -8.04545286	      2.27232819
    318.00000000	      7.55000000	     -2.40127227	     14.58213167	    -56.20066631	     -9.77245599	     -6.31842417	     -7.37942026	      2.58449243
    319.00000000	      7.56000000	     -2.38369668	     15.38176720	    -54.03805201	     -8.85530895	     -7.39031765	     -6.75665693	      2.88874495
    320.00000000	      7.57000000	     -2.31823499	     16.06876682	    -51.58152898	     -8.20252065	     -8.43098633	     -6.17504934	      3.22424732
    321.00000000	      7.58000000	     -2.21574292	     16.66487232	    -48.84407677	     -7.74953052	     -9.40226409	     -5.66327422	      3.56995330
    322.00000000	      7.59000000	     -2.08134191	     17.18492859	    -45.84576367	     -7.41985161	    -10.28253195	     -5.24855673	      3.92120127
    323.00000000	      7.60000000	     -1.89804450	     17.59151308	    -42.61320683	     -7.33407517	    -11.15979637	     -4.86887840	      4.32469527
    324.00000000	      7.61000000	     -1.67056110	     17.87739613	    -39.17584198	     -7.29551935	    -12.04598313	     -4.53172889	      4.74838032
    325.00000000	      7.62000000	     -1.40724837	     18.03807035	    -35.55806739	     -7.20771656	    -12.95771536	     -4.22689027	      5.18528081
    326.00000000	      7.63000000	     -0.08587284	     17.39137808	    -30.82727278	     -8.75562689	    -14.97459132	     -3.52388028	      5.66290442
    327.00000000	      7.64000000	      0.00494738	     17.04551171	    -26.67570328	     -7.19730823	    -15.71515090	     -3.35368887	      6.14773219
    328.00000000	      7.65000000	      0.22738651	     16.78319801	    -22.62319708	     -6.30536506	    -16.64961130	     -3.11910175	      6.65369505
    329.00000000	      7.66000000	      0.53073726	     16.55155532	    -18.71635721	     -5.57597895	    -17.69896921	     -2.87227890	      7.19404904
    330.00000000	      7.67000000	      0.84925755	     16.32271896	    -15.00552017	     -4.77188637	    -18.79786125	     -2.64510391	      7.74379297
    331.00000000	      7.68000000	      1.13908894	     16.07962982	    -11.53460329	     -3.86280888	    -19.90623707	     -2.46925464	      8.29434433
    332.00000000	      7.69000000	      1.37732756	     15.83616605	     -8.34153427	     -2.96365593	    -20.97682683	     -2.38154078	      8.83447103
    333.00000000	      7.70000000	      1.57171750	     15.61093905	     -5.47461079	     -2.20744979	    -21.97544664	     -2.41446244	      9.37639019
    334.00000000	      7.71000000	      1.72425699	     15.44220829	     -3.03517320	     -1.61823094	    -22.87220505	     -2.60065792	      9.91727222
    335.00000000	      7.72000000	      1.85671829	     15.36053104	     -1.13515397	     -1.15321865	    -23.65567933	     -2.95335231	     10.44315166
    336.00000000	      7.73000000	      1.97298173	     15.37856456	      0.12324340	     -0.72770792	    -24.32489432	     -3.49625877	     10.94136434
    337.00000000	      7.74000000	      2.06685964	     15.45585751	      0.71182432	     -0.27102936	    -24.93247129	     -4.17727902	     11.35213958
    338.00000000	      7.75000000	      2.11722130	     15.63266440	      0.59676205	      0.18883330	    -25.39649936	     -5.11329564	     11.73515165
    339.00000000	      7.76000000	      2.12521898	     15.81172250	     -0.11371525	      0.52945878	    -25.80779135	     -6.20631575	     11.99901319
    340.00000000	      7.77000000	      2.04471955	     15.98667845	     -1.28785962	      0.55648543	    -26.14450773	     -7.49238071	     12.20605035
    341.00000000	      7.78000000	      1.88001858	     16.10921793	     -2.76903820	      0.17231030	    -26.42335400	     -8.95219418	     12.24490275
    342.00000000	      7.79000000	      1.63971618	     16.16594094	     -4.35679849	     -0.74029504	    -26.61451203	    -10.62995799	     12.11497627
    343.00000000	      7.80000000	      1.33896339	     16.14367838	     -5.91612064	     -2.08531269	    -26.70945478	    -12.52539572	     11.63626980
    344.00000000	      7.81000000	      0.94401732	     16.01610648	     -7.32668929	     -3.73310504	    -26.63583168	    -14.74657563	     10.88815186
    345.00000000	      7.82000000	      0.45223786	     15.78120077	     -8.60635979	     -5.41417821	    -26.33798781	    -17.36719326	      9.71574714
    346.00000000	      7.83000000	     -0.13693966	     15.49765899	     -9.86220584	     -6.75929117	    -25.74797890	    -20.40682694	      7.95083015
    347.00000000	      7.84000000	     -0.80280273	     15.21599249	    -11.17787025	     -7.47249114	    -24.83894982	    -23.81848772	      5.44915656
    348.00000000	      7.85000000	     -1.50787394	     14.98637539	    -12.56769174	     -7.48982105	    -23.66140388	    -27.38092881	      2.28578521
    349.00000000	      7.86000000	     -2.16796607	     14.82763836	    -13.87872005	     -7.11589811	    -22.38282291	    -30.69109904	     -1.15627561
    350.00000000	      7.87000000	     -2.67308203	     14.72113671	    -14.89704322	     -6.63652322	    -21.30723980	    -33.21938788	     -4.13441891
    351.00000000	      7.88000000	     -2.93252364	     14.66827263	    -15.43059595	     -6.33811817	    -20.69485702	    -34.56077091	     -5.84331770
    352.00000000	      7.89000000	     -3.02532419	     14.64873124	    -15.56000251	     -6.26862068	    -20.53185090	    -34.92471517	     -6.19105088
